6

9	15

5.41	5.321	5.582	5.855	6.154	6.277	6.229	6.123	5.872	5.43	5.089	4.544	4.139	3.723	3.654	
4.586	4.462	4.584	4.7	4.881	4.966	4.867	4.816	4.498	4.182	3.828	3.408	3.032	2.723	2.743	
3.586	3.414	3.503	3.537	3.542	3.632	3.353	3.345	3.055	2.646	2.482	2.072	1.924	1.63	1.603	
2.55	2.456	2.281	2.171	2.146	2.051	1.83	1.664	1.424	1.211	0.97	0.769	0.642	0.493	0.474	
1.37	1.231	1.079	0.848	0.642	0.413	0.113	0.032	-0.285	-0.568	-0.633	-0.746	-0.691	-0.706	-0.878	
0.101	0.026	-0.203	-0.517	-0.897	-1.115	-1.588	-1.744	-1.983	-2.18	-2.113	-2.181	-2.017	-1.953	-2.04	
-1.206	-1.204	-1.503	-1.939	-2.343	-2.749	-3.143	-3.403	-3.607	-3.68	-3.697	-3.546	-3.295	-3.207	-3.301	
-2.303	-2.463	-2.769	-3.272	-3.794	-4.174	-4.73	-4.88	-5.121	-5.138	-5.104	-4.939	-4.518	-4.362	-4.394	
-3.758	-3.959	-4.263	-4.936	-5.454	-5.885	-6.362	-6.597	-6.773	-6.785	-6.562	-6.46	-5.951	-5.709	-5.71	

9	15

5.3	4.803	4.02	3.365	2.362	1.155	-0.042	-1.33	-2.381	-3.328	-4.014	-4.544	-4.763	-4.852	-5.133	
5.157	4.537	3.928	3.183	2.268	1.071	-0.25	-1.504	-2.841	-3.811	-4.696	-5.244	-5.579	-5.738	-6.295	
5.499	4.905	4.261	3.502	2.64	1.312	0.085	-1.414	-2.699	-3.996	-4.862	-5.509	-5.974	-6.439	-6.908	
5.975	5.381	4.779	4.113	3.14	1.939	0.52	-0.895	-2.346	-3.61	-4.765	-5.584	-6.09	-6.597	-7.187	
6.261	5.704	5.185	4.616	3.806	2.5	1.192	-0.355	-1.848	-3.208	-4.296	-5.26	-5.885	-6.446	-7.054	
6.465	5.913	5.482	4.951	4.112	3.053	1.739	0.29	-1.156	-2.525	-3.669	-4.748	-5.397	-6.006	-6.609	
6.456	6.018	5.702	5.186	4.615	3.577	2.311	0.941	-0.529	-1.869	-3.011	-4.051	-4.748	-5.304	-5.882	
6.384	5.996	5.721	5.526	4.895	4.056	2.893	1.606	0.342	-1.068	-2.231	-3.144	-4.008	-4.632	-5.103	
6.547	6.391	6.25	6.112	5.652	4.863	3.799	2.477	1.223	-0.125	-1.136	-2.258	-3.094	-3.828	-4.307	

9	27

-0.2	-0.625	-0.999	-1.284	-1.776	-2.034	-2.205	-2.255	-2.4	-2.338	-2.211	-2.028	-1.709	-1.265	-0.795	-0.345	0.331	0.931	1.405	1.887	2.405	2.81	3.068	3.087	3.049	2.999	3.151	
-0.896	-1.262	-1.578	-2.137	-2.52	-2.768	-3.11	-3.117	-3.113	-2.944	-2.801	-2.532	-2.012	-1.564	-0.788	-0.167	0.532	1.328	1.949	2.608	3.05	3.614	3.833	3.909	3.823	3.902	3.95	
-1.423	-1.867	-2.238	-2.728	-3.245	-3.634	-3.818	-3.869	-3.831	-3.666	-3.342	-2.805	-2.284	-1.664	-0.875	-0.053	0.746	1.704	2.456	3.174	3.768	4.362	4.622	4.736	4.716	4.64	4.755	
-1.726	-2.184	-2.791	-3.259	-3.68	-4.186	-4.437	-4.41	-4.328	-4.005	-3.705	-3.222	-2.52	-1.79	-0.879	-0.009	0.918	1.954	2.758	3.558	4.316	4.909	5.262	5.334	5.265	5.173	5.322	
-1.839	-2.294	-2.839	-3.399	-3.962	-4.307	-4.498	-4.527	-4.485	-4.286	-3.967	-3.269	-2.665	-1.812	-0.963	-0.018	0.996	1.998	2.971	3.842	4.599	5.147	5.405	5.484	5.43	5.365	5.535	
-1.642	-2.132	-2.79	-3.334	-3.891	-4.275	-4.443	-4.548	-4.518	-4.218	-3.806	-3.328	-2.573	-1.836	-0.921	0.041	1.028	2.018	2.972	3.752	4.574	5.091	5.479	5.6	5.483	5.427	5.582	
-1.452	-1.948	-2.465	-3.094	-3.56	-4.084	-4.25	-4.339	-4.313	-4.057	-3.685	-3.129	-2.521	-1.689	-0.898	0.169	0.966	1.981	2.906	3.677	4.412	4.941	5.278	5.4	5.312	5.165	5.373	
-1.275	-1.82	-2.262	-2.763	-3.301	-3.662	-3.946	-4.099	-3.918	-3.839	-3.433	-3.032	-2.344	-1.484	-0.784	0.177	1.106	2.001	2.924	3.561	4.227	4.855	5.052	5.241	5.181	4.971	5.168	
-1.299	-1.721	-2.225	-2.758	-3.352	-3.703	-3.856	-3.985	-3.803	-3.563	-3.221	-2.801	-2.197	-1.333	-0.597	0.389	1.186	2.127	2.842	3.663	4.346	4.853	5.26	5.301	5.29	5.071	5.241	

9	27

2.058	2.213	2.538	2.6	2.878	2.794	2.576	2.232	1.924	1.489	1.141	0.561	0.049	-0.566	-1.05	-1.515	-1.938	-2.325	-2.618	-2.752	-2.866	-2.948	-2.942	-2.735	-2.473	-2.243	-2.052	
3.336	3.388	3.488	3.784	3.876	3.854	3.682	3.284	2.864	2.204	1.616	1.046	0.398	-0.252	-0.889	-1.527	-2.042	-2.502	-2.796	-2.963	-3.112	-3.123	-3.103	-2.898	-2.602	-2.351	-2.07	
4.148	4.168	4.325	4.572	4.781	4.749	4.461	3.987	3.367	2.751	1.964	1.177	0.404	-0.365	-1.1	-1.732	-2.245	-2.828	-3.115	-3.46	-3.627	-3.712	-3.489	-3.285	-2.864	-2.658	-2.435	
4.468	4.591	4.896	5.01	5.258	5.146	4.865	4.425	3.734	2.993	2.165	1.3	0.364	-0.458	-1.233	-1.989	-2.532	-3.221	-3.575	-3.882	-4.007	-4.087	-3.914	-3.617	-3.257	-2.865	-2.671	
4.516	4.667	4.919	5.269	5.289	5.264	4.918	4.367	3.692	2.952	2.085	1.168	0.216	-0.636	-1.468	-2.256	-2.841	-3.445	-3.832	-4.124	-4.249	-4.314	-4.096	-3.692	-3.349	-2.911	-2.814	
4.425	4.573	4.858	4.992	5.124	5.01	4.71	4.114	3.442	2.707	1.887	0.923	0.003	-0.88	-1.651	-2.364	-2.986	-3.581	-3.953	-4.154	-4.328	-4.387	-4.204	-3.774	-3.367	-2.901	-2.656	
4.057	4.277	4.473	4.625	4.77	4.61	4.274	3.77	3.14	2.374	1.54	0.713	-0.127	-0.923	-1.784	-2.486	-2.996	-3.506	-3.822	-4.123	-4.201	-4.269	-4.023	-3.761	-3.235	-2.756	-2.599	
3.724	3.846	4.147	4.152	4.262	4.211	3.851	3.35	2.718	2.052	1.294	0.464	-0.374	-1.125	-1.902	-2.599	-3.139	-3.581	-3.883	-4.024	-4.086	-4.118	-3.883	-3.559	-3.027	-2.669	-2.448	
3.455	3.624	3.897	4.012	3.998	3.873	3.511	2.933	2.394	1.561	0.921	0.073	-0.735	-1.52	-2.177	-2.811	-3.311	-3.804	-3.987	-4.245	-4.227	-4.23	-4.022	-3.663	-3.26	-2.731	-2.534

9	51

-0.851	-0.959	-0.994	-1.233	-1.392	-1.512	-1.624	-1.655	-1.73	-1.681	-1.503	-1.299	-1.033	-0.806	-0.494	-0.087	0.325	0.857	1.38	1.758	2.22	2.587	2.879	3.194	3.412	3.449	3.468	3.251	2.938	2.551	2.062	1.523	0.909	0.365	-0.27	-0.735	-1.137	-1.484	-1.791	-2.005	-2.123	-2.07	-1.88	-1.658	-1.398	-0.991	-0.41	0.014	0.455	0.91	1.391	
-1.042	-1.057	-1.158	-1.376	-1.577	-1.757	-1.85	-1.907	-1.96	-1.91	-1.689	-1.472	-1.237	-0.934	-0.477	-0.082	0.457	0.976	1.583	2.084	2.512	3.032	3.431	3.739	3.94	3.961	3.83	3.689	3.323	2.753	2.163	1.551	0.917	0.276	-0.421	-0.995	-1.538	-1.988	-2.315	-2.507	-2.638	-2.624	-2.554	-2.291	-1.965	-1.531	-1.034	-0.615	-0.084	0.386	0.807	
-1.151	-1.196	-1.325	-1.545	-1.779	-1.957	-2.119	-2.104	-2.034	-1.973	-1.821	-1.595	-1.374	-1.012	-0.549	0.087	0.644	1.199	1.931	2.486	3.07	3.592	3.998	4.239	4.456	4.484	4.386	4.195	3.672	3.12	2.503	1.735	0.994	0.304	-0.544	-1.183	-1.809	-2.281	-2.706	-3.053	-3.193	-3.229	-3.127	-2.784	-2.573	-2.03	-1.477	-1.033	-0.537	0.065	0.443	
-1.229	-1.252	-1.367	-1.635	-1.816	-2.049	-2.18	-2.28	-2.279	-2.091	-1.972	-1.653	-1.382	-1.017	-0.494	-0.004	0.761	1.403	2.079	2.731	3.393	3.984	4.318	4.639	4.868	4.912	4.76	4.391	3.981	3.369	2.646	1.912	1.059	0.341	-0.555	-1.231	-1.961	-2.547	-2.91	-3.323	-3.512	-3.46	-3.412	-3.112	-2.802	-2.315	-1.832	-1.26	-0.704	-0.138	0.34	
-1.161	-1.266	-1.394	-1.626	-1.838	-2.058	-2.22	-2.247	-2.265	-2.162	-2.006	-1.805	-1.383	-1.1	-0.491	0.034	0.747	1.417	2.208	2.849	3.504	3.963	4.468	4.841	4.999	5.043	4.975	4.553	4.1	3.405	2.632	1.904	1.15	0.229	-0.632	-1.309	-2.044	-2.59	-3.051	-3.44	-3.58	-3.652	-3.473	-3.251	-2.877	-2.378	-1.807	-1.344	-0.708	-0.256	0.318	
-1.055	-1.197	-1.241	-1.616	-1.727	-1.956	-2.099	-2.203	-2.227	-2.076	-2.022	-1.745	-1.445	-1.009	-0.529	0.047	0.722	1.406	2.07	2.769	3.463	4.03	4.442	4.813	4.953	5.033	4.919	4.528	4.058	3.343	2.635	1.885	1.081	0.261	-0.599	-1.389	-2.076	-2.637	-3.058	-3.465	-3.63	-3.588	-3.465	-3.149	-2.785	-2.315	-1.806	-1.205	-0.689	-0.084	0.485	
-1.012	-1.092	-1.211	-1.372	-1.556	-1.766	-1.959	-2.108	-2.091	-1.996	-1.926	-1.645	-1.298	-0.87	-0.474	0.064	0.701	1.423	2.016	2.759	3.317	3.874	4.324	4.613	4.866	4.89	4.711	4.3	3.897	3.213	2.573	1.772	0.983	0.247	-0.589	-1.396	-2.032	-2.496	-2.986	-3.29	-3.509	-3.464	-3.301	-3.026	-2.618	-2.116	-1.574	-0.999	-0.471	-0.029	0.611	
-0.915	-0.952	-1.048	-1.291	-1.356	-1.645	-1.7	-1.785	-1.803	-1.746	-1.592	-1.413	-1.165	-0.8	-0.407	0.145	0.679	1.282	2.02	2.681	3.257	3.757	4.188	4.489	4.716	4.746	4.571	4.198	3.829	3.252	2.556	1.785	1.119	0.265	-0.554	-1.204	-1.895	-2.432	-2.842	-3.176	-3.349	-3.326	-3.096	-2.796	-2.381	-2.004	-1.419	-0.863	-0.397	0.092	0.614	
-0.949	-1.034	-1.075	-1.228	-1.345	-1.518	-1.557	-1.594	-1.723	-1.505	-1.422	-1.179	-0.986	-0.525	-0.075	0.428	1.011	1.663	2.234	2.883	3.429	3.924	4.35	4.676	4.875	4.816	4.672	4.356	3.981	3.406	2.741	2.001	1.2	0.429	-0.428	-1.179	-1.804	-2.409	-2.821	-3.133	-3.263	-3.271	-3.062	-2.736	-2.363	-1.961	-1.415	-0.86	-0.32	0.058	0.514	

9	51

-1.451	-1.014	-0.528	-0.151	0.187	0.654	1.04	1.482	1.883	2.179	2.275	2.241	2.208	1.97	1.707	1.303	1.022	0.656	0.173	-0.235	-0.643	-0.984	-1.266	-1.639	-1.871	-2.053	-2.157	-2.175	-2.234	-2.103	-2.0	-1.914	-1.847	-1.785	-1.593	-1.382	-1.02	-0.826	-0.586	-0.365	-0.084	0.239	0.538	0.885	1.298	1.464	1.859	2.034	2.332	2.58	2.904	
-1.145	-0.594	-0.134	0.29	0.714	1.201	1.709	2.085	2.533	2.81	2.979	2.955	2.874	2.578	2.289	1.903	1.494	0.997	0.468	-0.034	-0.604	-0.992	-1.392	-1.796	-2.152	-2.446	-2.627	-2.761	-2.808	-2.796	-2.644	-2.601	-2.404	-2.369	-2.208	-1.928	-1.631	-1.395	-1.058	-0.896	-0.561	-0.144	0.21	0.568	0.917	1.249	1.591	1.79	2.114	2.392	2.886	
-0.851	-0.277	0.205	0.716	1.216	1.773	2.278	2.738	3.13	3.437	3.566	3.597	3.522	3.183	2.778	2.404	1.885	1.441	0.775	0.157	-0.424	-0.988	-1.498	-1.964	-2.327	-2.77	-3.018	-3.145	-3.264	-3.286	-3.302	-3.182	-3.102	-2.99	-2.863	-2.622	-2.322	-1.901	-1.586	-1.318	-0.927	-0.484	-0.106	0.284	0.691	1.074	1.406	1.64	2.022	2.26	2.722	
-0.761	-0.19	0.319	0.907	1.359	2.066	2.55	3.029	3.527	3.8	3.988	3.96	3.891	3.614	3.27	2.78	2.162	1.715	0.965	0.336	-0.249	-0.933	-1.533	-2.021	-2.554	-2.942	-3.254	-3.488	-3.576	-3.704	-3.596	-3.59	-3.546	-3.446	-3.274	-2.931	-2.677	-2.292	-1.916	-1.551	-1.181	-0.674	-0.297	0.122	0.536	0.911	1.247	1.579	1.859	2.172	2.59	
-0.776	-0.248	0.305	0.965	1.477	2.118	2.687	3.119	3.647	3.969	4.117	4.21	4.06	3.865	3.425	2.918	2.454	1.806	1.137	0.33	-0.306	-0.923	-1.45	-2.113	-2.554	-2.986	-3.306	-3.517	-3.734	-3.765	-3.758	-3.691	-3.638	-3.533	-3.288	-2.993	-2.719	-2.312	-2.0	-1.707	-1.246	-0.795	-0.326	0.134	0.472	0.88	1.215	1.492	1.719	2.076	2.515	
-0.888	-0.282	0.273	0.876	1.411	2.089	2.538	3.143	3.614	3.939	4.09	4.189	4.02	3.779	3.443	2.999	2.503	1.894	1.134	0.385	-0.244	-0.855	-1.513	-2.063	-2.535	-2.932	-3.262	-3.483	-3.586	-3.669	-3.647	-3.669	-3.531	-3.463	-3.251	-3.019	-2.644	-2.348	-1.976	-1.628	-1.225	-0.815	-0.343	0.095	0.443	0.819	1.105	1.379	1.642	1.878	2.364	
-0.828	-0.329	0.185	0.781	1.342	1.958	2.371	2.94	3.441	3.795	3.944	3.993	3.9	3.684	3.342	2.969	2.398	1.821	1.123	0.402	-0.195	-0.837	-1.388	-1.971	-2.427	-2.806	-3.08	-3.238	-3.337	-3.456	-3.44	-3.371	-3.306	-3.217	-3.016	-2.87	-2.438	-2.183	-1.858	-1.517	-1.167	-0.737	-0.321	0.1	0.47	0.764	1.12	1.203	1.585	1.761	2.154	
-0.912	-0.35	0.215	0.679	1.19	1.708	2.278	2.724	3.207	3.569	3.708	3.758	3.719	3.465	3.169	2.795	2.38	1.762	1.119	0.459	-0.232	-0.77	-1.282	-1.774	-2.276	-2.702	-2.92	-3.108	-3.213	-3.269	-3.254	-3.147	-3.057	-2.973	-2.764	-2.582	-2.292	-2.084	-1.745	-1.461	-1.148	-0.812	-0.333	0.0	0.276	0.544	0.778	1.049	1.27	1.593	1.962	
-0.686	-0.225	0.278	0.682	1.216	1.813	2.247	2.696	3.222	3.423	3.64	3.732	3.727	3.441	3.209	2.868	2.321	1.88	1.157	0.488	-0.097	-0.721	-1.209	-1.786	-2.193	-2.534	-2.796	-2.979	-3.074	-3.161	-3.132	-3.071	-2.967	-2.937	-2.785	-2.631	-2.403	-2.052	-1.813	-1.6	-1.332	-0.949	-0.625	-0.245	0.007	0.279	0.584	0.833	1.122	1.408	1.854		
