6

9	15

-5.383	-5.213	-5.276	-5.451	-5.777	-5.487	-5.578	-5.661	-5.532	-5.153	-5.472	-5.047	-4.78	-4.6	-4.804	
-4.448	-4.116	-4.151	-4.263	-4.581	-4.289	-4.362	-4.413	-4.329	-3.991	-4.238	-3.835	-3.68	-3.559	-3.804	
-3.285	-2.933	-2.894	-2.97	-3.162	-2.912	-3.03	-3.111	-2.994	-2.627	-2.859	-2.463	-2.412	-2.405	-2.696	
-2.304	-1.925	-1.76	-1.759	-1.907	-1.048	-1.178	-1.263	-1.092	-0.764	-1.601	-1.285	-1.268	-1.33	-1.712	
-0.978	-0.656	-0.417	-0.323	-0.388	0.568	0.447	0.388	0.543	0.865	-0.042	0.15	0.062	-0.073	-0.361	
0.291	0.563	0.865	1.036	1.066	2.159	2.155	2.112	2.27	2.544	1.437	1.592	1.404	1.158	0.924	
1.716	1.955	2.213	2.513	2.686	3.312	3.427	3.447	3.56	3.693	3.105	3.088	2.823	2.542	2.343	
2.859	2.998	3.312	3.726	3.923	4.715	4.935	4.959	5.04	5.102	4.42	4.282	3.952	3.62	3.452	
4.023	4.246	4.596	5.005	5.384	6.201	6.413	6.462	6.519	6.538	5.742	5.541	5.099	4.776	4.597	

9	15

5.441	4.927	4.39	3.796	3.115	1.656	0.542	-0.356	-1.162	-2.07	-3.363	-3.913	-4.265	-4.496	-4.891	
5.753	5.089	4.518	3.906	3.214	1.737	0.502	-0.495	-1.571	-2.598	-3.982	-4.573	-4.946	-5.291	-5.791	
6.242	5.486	4.826	4.228	3.49	1.93	0.594	-0.555	-1.703	-2.959	-4.313	-4.965	-5.405	-5.918	-6.506	
6.701	6.011	5.4	4.77	4.051	1.896	0.537	-0.397	-1.386	-2.636	-4.676	-5.421	-5.871	-6.357	-7.015	
6.846	6.19	5.609	5.042	4.365	2.17	0.783	-0.266	-1.295	-2.629	-4.655	-5.374	-5.926	-6.444	-7.124	
6.867	6.265	5.699	5.165	4.463	2.3	0.981	-0.064	-0.989	-2.388	-4.428	-5.188	-5.79	-6.348	-6.899	
6.489	5.94	5.469	4.962	4.348	2.858	1.47	0.226	-1.046	-2.384	-3.865	-4.658	-5.3	-5.819	-6.425	
6.317	5.824	5.404	5.023	4.4	2.951	1.668	0.563	-0.611	-1.888	-3.426	-4.24	-4.865	-5.38	-5.897	
6.245	5.968	5.63	5.194	4.614	3.107	1.932	0.857	-0.189	-1.422	-2.975	-3.865	-4.489	-5.064	-5.493	

9	27

2.192	2.339	2.564	2.677	2.878	2.883	2.715	2.531	2.4	1.542	1.251	0.869	0.322	0.065	-0.179	-0.758	-1.186	-1.502	-2.377	-2.495	-2.652	-2.719	-2.701	-2.521	-2.337	-1.978	-1.881	
2.845	2.954	3.139	3.364	3.51	3.55	3.399	3.134	2.942	2.014	1.701	1.232	0.493	0.105	-0.292	-1.016	-1.64	-1.981	-2.843	-3.011	-3.147	-3.279	-3.312	-3.154	-2.939	-2.639	-2.51	
3.403	3.537	3.731	4.001	4.105	4.112	3.932	3.698	3.404	2.458	2.048	1.401	0.561	0.029	-0.461	-1.351	-1.957	-2.359	-3.252	-3.497	-3.671	-3.862	-3.901	-3.707	-3.429	-3.223	-3.119	
3.9	4.052	4.293	4.545	4.684	4.685	4.498	4.252	3.983	2.363	1.877	1.214	0.229	0.019	-0.265	-1.17	-1.836	-2.303	-3.802	-4.059	-4.285	-4.452	-4.514	-4.337	-4.089	-3.767	-3.708	
3.998	4.172	4.438	4.646	4.801	4.794	4.593	4.325	4.103	2.453	2.062	1.308	0.321	0.003	-0.359	-1.336	-2.004	-2.473	-4.022	-4.245	-4.488	-4.671	-4.697	-4.535	-4.247	-3.918	-3.852	
3.967	4.062	4.365	4.614	4.771	4.752	4.55	4.346	4.058	2.42	1.919	1.211	0.239	-0.106	-0.354	-1.368	-2.054	-2.51	-4.097	-4.366	-4.601	-4.719	-4.766	-4.62	-4.32	-4.04	-3.91	
3.538	3.745	3.945	4.233	4.412	4.418	4.203	3.989	3.671	2.665	2.187	1.488	0.513	-0.139	-0.755	-1.671	-2.298	-2.818	-3.777	-4.086	-4.301	-4.468	-4.484	-4.366	-4.011	-3.728	-3.593	
3.292	3.501	3.765	4.04	4.185	4.219	4.09	3.798	3.443	2.41	1.981	1.333	0.408	-0.174	-0.731	-1.582	-2.221	-2.723	-3.761	-4.007	-4.221	-4.393	-4.368	-4.281	-4.022	-3.734	-3.544	
3.257	3.48	3.752	4.055	4.119	4.144	3.976	3.754	3.375	2.288	1.776	1.098	0.244	-0.21	-0.721	-1.547	-2.154	-2.682	-3.742	-4.054	-4.286	-4.443	-4.464	-4.367	-4.17	-3.828	-3.673	

9	27

-3.717	-3.177	-2.739	-2.294	-1.701	-1.104	-0.289	0.471	1.148	2.474	2.978	3.512	3.848	4.02	3.924	3.504	2.876	2.212	0.781	0.024	-0.757	-1.52	-2.296	-2.762	-3.213	-3.545	-4.065	
-4.066	-3.466	-2.957	-2.432	-1.911	-1.207	-0.298	0.534	1.371	2.812	3.45	3.998	4.369	4.468	4.312	3.827	3.167	2.376	0.914	0.041	-0.872	-1.78	-2.566	-3.082	-3.578	-3.96	-4.522	
-4.419	-3.77	-3.185	-2.644	-1.989	-1.249	-0.25	0.715	1.623	3.13	3.811	4.452	4.884	4.955	4.802	4.279	3.52	2.678	1.158	0.16	-0.935	-1.888	-2.82	-3.395	-3.897	-4.357	-5.02	
-4.855	-4.163	-3.596	-3.05	-2.33	-1.501	-0.468	0.559	1.552	3.746	4.491	5.168	5.576	5.685	5.457	4.92	4.161	3.261	1.058	-0.003	-1.191	-2.241	-3.209	-3.848	-4.396	-4.883	-5.581	
-4.907	-4.168	-3.588	-3.022	-2.294	-1.525	-0.422	0.672	1.658	3.796	4.595	5.262	5.733	5.818	5.613	5.02	4.212	3.273	1.041	-0.014	-1.188	-2.283	-3.27	-3.98	-4.569	-4.998	-5.694	
-4.939	-4.227	-3.622	-3.057	-2.354	-1.5	-0.449	0.636	1.63	3.854	4.584	5.26	5.718	5.864	5.623	5.008	4.294	3.32	1.04	-0.004	-1.203	-2.268	-3.297	-4.035	-4.629	-5.073	-5.71	
-4.602	-3.921	-3.367	-2.819	-2.072	-1.281	-0.26	0.806	1.726	3.317	4.079	4.764	5.182	5.24	5.106	4.529	3.795	2.815	1.158	0.067	-1.07	-2.116	-3.088	-3.819	-4.343	-4.757	-5.362	
-4.419	-3.83	-3.327	-2.715	-2.065	-1.265	-0.214	0.731	1.7	3.256	4.011	4.674	5.002	5.066	4.897	4.366	3.63	2.761	1.1	0.027	-1.076	-2.019	-2.945	-3.656	-4.177	-4.63	-5.198	
-4.323	-3.831	-3.326	-2.72	-1.984	-1.15	-0.177	0.91	1.866	3.37	4.072	4.734	5.071	5.162	4.957	4.419	3.704	2.796	1.137	0.109	-1.104	-2.015	-2.901	-3.66	-4.191	-4.633	-5.126	

9	51

0.564	0.743	0.975	1.059	1.32	1.488	1.62	1.783	1.805	1.891	1.874	1.783	1.663	1.564	1.381	1.233	1.176	0.426	0.29	0.171	0.157	0.07	-0.004	-0.074	-0.184	0.106	0.372	0.215	0.164	0.131	0.033	-0.016	-0.068	-0.139	-0.913	-1.023	-1.111	-1.237	-1.323	-1.48	-1.559	-1.584	-1.608	-1.522	-1.362	-1.211	-1.018	-0.767	-0.57	-0.399	-0.255	
1.026	1.194	1.4	1.557	1.816	2.043	2.18	2.329	2.415	2.468	2.403	2.307	2.127	1.93	1.688	1.554	1.405	0.683	0.562	0.399	0.259	0.208	0.109	0.04	-0.162	0.085	0.27	0.093	-0.004	-0.126	-0.21	-0.304	-0.39	-0.508	-1.284	-1.449	-1.615	-1.787	-1.927	-2.099	-2.243	-2.282	-2.275	-2.195	-2.03	-1.869	-1.664	-1.426	-1.158	-0.921	-0.786	
1.339	1.53	1.766	2.002	2.278	2.494	2.693	2.782	2.903	2.927	2.834	2.706	2.488	2.281	2.037	1.852	1.651	0.885	0.768	0.608	0.472	0.36	0.24	0.12	-0.13	0.031	0.207	-0.015	-0.155	-0.305	-0.37	-0.528	-0.65	-0.765	-1.61	-1.754	-1.961	-2.213	-2.43	-2.618	-2.791	-2.859	-2.841	-2.769	-2.615	-2.429	-2.228	-1.931	-1.619	-1.395	-1.212	
1.746	1.938	2.132	2.415	2.715	2.925	3.139	3.243	3.304	3.347	3.266	3.168	2.93	2.658	2.432	2.179	2.036	0.605	0.447	0.335	0.179	0.068	-0.067	-0.281	-0.572	0.031	0.63	0.344	0.15	0.007	-0.076	-0.281	-0.385	-0.496	-2.031	-2.17	-2.418	-2.652	-2.902	-3.16	-3.339	-3.411	-3.407	-3.32	-3.174	-2.975	-2.744	-2.419	-2.092	-1.903	-1.692	
1.762	1.922	2.128	2.449	2.761	3.021	3.197	3.27	3.354	3.406	3.321	3.25	3.059	2.769	2.458	2.236	2.082	0.629	0.489	0.365	0.188	0.058	-0.041	-0.294	-0.527	0.03	0.591	0.295	0.124	-0.005	-0.148	-0.315	-0.459	-0.552	-2.08	-2.247	-2.473	-2.744	-3.015	-3.277	-3.463	-3.538	-3.501	-3.448	-3.354	-3.099	-2.786	-2.536	-2.169	-1.929	-1.783	
1.717	1.853	2.11	2.378	2.675	2.923	3.119	3.26	3.345	3.374	3.295	3.191	3.018	2.716	2.42	2.223	2.097	0.578	0.429	0.274	0.11	-0.026	-0.148	-0.311	-0.569	0.043	0.612	0.375	0.212	0.084	-0.088	-0.292	-0.452	-0.566	-2.083	-2.288	-2.469	-2.763	-3.027	-3.279	-3.428	-3.554	-3.551	-3.478	-3.357	-3.077	-2.862	-2.538	-2.226	-2.003	-1.761	
1.397	1.525	1.804	2.058	2.342	2.566	2.771	2.926	3.007	3.041	2.954	2.843	2.668	2.419	2.127	1.936	1.765	0.958	0.772	0.633	0.446	0.314	0.188	0.014	-0.16	0.03	0.215	-0.019	-0.188	-0.298	-0.472	-0.636	-0.793	-0.919	-1.774	-2.024	-2.234	-2.497	-2.751	-2.965	-3.137	-3.229	-3.186	-3.105	-3.014	-2.755	-2.466	-2.152	-1.901	-1.722	-1.537	
1.335	1.478	1.724	1.983	2.194	2.422	2.631	2.78	2.861	2.849	2.775	2.661	2.501	2.33	2.065	1.854	1.653	0.828	0.655	0.501	0.304	0.168	0.046	-0.076	-0.291	-0.012	0.239	0.041	-0.105	-0.212	-0.39	-0.547	-0.67	-0.855	-1.734	-1.978	-2.24	-2.491	-2.7	-2.899	-3.04	-3.081	-3.107	-2.992	-2.806	-2.603	-2.362	-2.105	-1.838	-1.648	-1.46	
1.321	1.515	1.752	1.983	2.178	2.385	2.596	2.696	2.757	2.706	2.669	2.565	2.469	2.263	2.038	1.805	1.576	0.756	0.544	0.37	0.187	0.068	-0.058	-0.201	-0.357	-0.057	0.232	0.048	-0.066	-0.147	-0.335	-0.496	-0.68	-0.845	-1.76	-2.02	-2.276	-2.47	-2.685	-2.924	-3.042	-3.084	-3.007	-2.93	-2.792	-2.62	-2.381	-2.126	-1.882	-1.69	-1.569	

9	51

-0.926	-1.027	-1.15	-1.387	-1.514	-1.594	-1.652	-1.688	-1.721	-1.613	-1.42	-1.157	-0.882	-0.605	-0.298	-0.047	0.164	1.027	1.356	1.6	1.83	2.056	2.241	2.505	2.645	2.683	2.746	2.676	2.53	2.309	2.06	1.848	1.539	1.279	0.384	0.13	-0.201	-0.481	-0.794	-1.077	-1.346	-1.511	-1.623	-1.725	-1.695	-1.568	-1.429	-1.303	-1.157	-0.989	-0.833	
-1.16	-1.257	-1.394	-1.578	-1.773	-1.88	-1.988	-2.03	-1.966	-1.843	-1.597	-1.306	-1.009	-0.648	-0.308	0.005	0.316	1.232	1.587	1.818	2.141	2.473	2.745	3.041	3.195	3.259	3.239	3.149	3.043	2.767	2.451	2.107	1.77	1.502	0.543	0.248	-0.164	-0.588	-0.953	-1.273	-1.602	-1.821	-1.913	-2.051	-2.08	-1.951	-1.802	-1.629	-1.456	-1.296	-1.157	
-1.321	-1.455	-1.569	-1.838	-2.009	-2.146	-2.234	-2.224	-2.15	-2.025	-1.788	-1.458	-1.113	-0.694	-0.294	0.073	0.431	1.397	1.772	2.071	2.453	2.822	3.154	3.417	3.652	3.698	3.726	3.678	3.455	3.151	2.795	2.41	1.965	1.651	0.641	0.273	-0.166	-0.604	-1.035	-1.465	-1.89	-2.106	-2.263	-2.404	-2.403	-2.251	-2.115	-1.967	-1.756	-1.568	-1.46	
-1.62	-1.778	-1.961	-2.156	-2.351	-2.529	-2.605	-2.605	-2.527	-2.369	-2.046	-1.71	-1.342	-0.917	-0.44	-0.045	0.268	1.923	2.231	2.616	3.071	3.497	3.812	4.122	4.341	4.417	4.41	4.281	4.093	3.759	3.37	2.934	2.543	2.225	0.509	0.2	-0.309	-0.846	-1.333	-1.809	-2.282	-2.505	-2.688	-2.819	-2.799	-2.693	-2.52	-2.363	-2.12	-1.96	-1.867	
-1.592	-1.704	-1.934	-2.151	-2.321	-2.542	-2.666	-2.635	-2.611	-2.407	-2.121	-1.768	-1.391	-0.959	-0.491	-0.075	0.286	1.857	2.254	2.646	3.1	3.53	3.859	4.211	4.409	4.499	4.519	4.391	4.151	3.797	3.396	2.976	2.548	2.234	0.511	0.168	-0.34	-0.807	-1.369	-1.854	-2.257	-2.569	-2.779	-2.842	-2.846	-2.73	-2.55	-2.371	-2.19	-1.985	-1.887	
-1.563	-1.646	-1.831	-2.123	-2.327	-2.526	-2.586	-2.634	-2.568	-2.399	-2.121	-1.758	-1.413	-0.98	-0.505	-0.114	0.232	1.857	2.242	2.615	3.122	3.568	3.913	4.231	4.45	4.527	4.533	4.396	4.203	3.779	3.441	2.998	2.586	2.232	0.501	0.088	-0.376	-0.894	-1.441	-1.928	-2.305	-2.565	-2.818	-2.9	-2.881	-2.765	-2.608	-2.38	-2.141	-1.954	-1.841	
-1.338	-1.467	-1.608	-1.817	-2.028	-2.189	-2.271	-2.361	-2.285	-2.125	-1.871	-1.558	-1.168	-0.717	-0.289	0.107	0.495	1.458	1.846	2.302	2.669	3.077	3.465	3.774	3.969	4.022	4.028	3.859	3.668	3.309	2.946	2.554	2.145	1.795	0.717	0.323	-0.188	-0.698	-1.183	-1.687	-2.083	-2.296	-2.489	-2.588	-2.564	-2.466	-2.319	-2.068	-1.851	-1.679	-1.567	
-1.324	-1.455	-1.539	-1.715	-1.88	-2.046	-2.175	-2.203	-2.158	-2.014	-1.752	-1.441	-1.097	-0.681	-0.23	0.138	0.502	1.488	1.882	2.285	2.715	3.127	3.44	3.707	3.917	3.982	3.949	3.763	3.541	3.305	2.942	2.576	2.214	1.811	0.73	0.318	-0.201	-0.675	-1.158	-1.584	-1.971	-2.185	-2.376	-2.503	-2.444	-2.315	-2.185	-1.968	-1.759	-1.613	-1.51	
-1.403	-1.495	-1.598	-1.738	-1.857	-2.063	-2.109	-2.117	-2.062	-1.91	-1.696	-1.375	-1.016	-0.632	-0.18	0.272	0.638	1.634	2.044	2.446	2.874	3.253	3.529	3.835	4.008	4.026	4.031	3.897	3.668	3.413	3.049	2.674	2.239	1.835	0.785	0.35	-0.147	-0.655	-1.133	-1.579	-1.906	-2.13	-2.334	-2.4	-2.387	-2.329	-2.166	-2.018	-1.832	-1.731	-1.58	

